(0,3) -> (304,296)
(0,9) -> (319,295)
(0,10) -> (303,296)
(0,11) -> (321,295)
(0,31) -> (304,296)
(0,34) -> (304,296)
(0,35) -> (314,294)
(0,36) -> (300,295)
(0,37) -> (318,292)
(0,38) -> (304,296)
(0,59) -> (304,296)
(0,4) -> (550,19)
(0,5) -> (554,18)
(0,13) -> (293,294)
(0,15) -> (304,295)
(0,21) -> (305,295)
(0,31) -> (359,337)
(0,32) -> (250,334)
(0,33) -> (163,334)
(0,34) -> (127,324)
(0,35) -> (307,203)
(0,36) -> (298,205)
(0,37) -> (313,228)
(0,38) -> (311,254)
(0,39) -> (276,287)
(0,40) -> (267,279)
(0,41) -> (262,288)
(0,42) -> (293,291)
(0,43) -> (317,281)
(0,44) -> (392,258)
(0,45) -> (385,257)
(0,46) -> (387,258)
(0,47) -> (392,256)
(0,48) -> (391,255)
(0,49) -> (392,257)
(0,50) -> (395,257)
(0,51) -> (403,247)
(0,52) -> (264,248)
(0,53) -> (228,236)
(0,54) -> (302,236)
(0,55) -> (361,262)
(0,56) -> (460,276)
(0,57) -> (449,291)
(0,58) -> (487,306)
(0,59) -> (446,291)
(0,0) -> (170,281)
(0,1) -> (190,265)
(0,2) -> (194,264)
(0,3) -> (194,270)
(0,4) -> (195,268)
(0,5) -> (188,274)
(0,6) -> (187,271)
(0,7) -> (191,259)
(0,8) -> (208,226)
(0,9) -> (195,229)
(0,10) -> (200,253)
(0,11) -> (186,284)
(0,12) -> (175,275)
(0,13) -> (155,266)
(0,14) -> (153,264)
(0,15) -> (154,260)
(0,16) -> (159,257)
(0,17) -> (159,261)
(0,18) -> (160,262)
(0,19) -> (160,261)
(0,20) -> (159,261)
(0,21) -> (161,260)
(0,22) -> (160,261)
(0,23) -> (158,262)
(0,24) -> (159,262)
(0,25) -> (157,263)
(0,26) -> (153,266)
(0,27) -> (151,266)
(0,28) -> (145,267)
(0,29) -> (141,268)
(0,30) -> (138,269)
(0,31) -> (135,269)
(0,32) -> (135,269)
(0,33) -> (136,269)
(0,34) -> (136,269)
(0,35) -> (135,269)
(0,36) -> (135,269)
(0,37) -> (135,268)
(0,38) -> (135,268)
(0,39) -> (134,268)
(0,40) -> (133,268)
(0,41) -> (133,267)
(0,42) -> (134,267)
(0,43) -> (133,266)
(0,44) -> (133,266)
(0,45) -> (132,266)
(0,46) -> (132,267)
(0,47) -> (132,267)
(0,48) -> (132,268)
(0,49) -> (133,268)
(0,50) -> (136,268)
(0,51) -> (136,268)
(0,52) -> (135,268)
(0,53) -> (135,267)
(0,54) -> (135,267)
(0,55) -> (134,268)
(0,56) -> (134,267)
(0,57) -> (134,266)
(0,58) -> (133,266)
(0,59) -> (133,266)
(0,0) -> (349,287)
(0,1) -> (352,285)
(0,2) -> (270,299)
(0,3) -> (157,310)
(0,4) -> (45,290)
(0,5) -> (83,252)
(0,6) -> (87,239)
(0,7) -> (83,237)
(0,8) -> (77,238)
(0,9) -> (70,235)
(0,10) -> (67,227)
(0,11) -> (70,215)
(0,12) -> (73,204)
(0,13) -> (73,193)
(0,14) -> (81,174)
(0,15) -> (112,157)
(0,16) -> (127,140)
(0,17) -> (148,131)
(0,18) -> (173,129)
(0,19) -> (161,91)
(0,20) -> (187,88)
(0,21) -> (213,78)
(0,22) -> (241,72)
(0,23) -> (236,50)
(0,24) -> (251,48)
(0,25) -> (336,27)
(0,27) -> (2,115)
(0,28) -> (18,60)
(0,29) -> (59,92)
(0,30) -> (56,112)
(0,31) -> (89,160)
(0,32) -> (95,151)
(0,33) -> (118,144)
(0,34) -> (118,127)
(0,35) -> (132,122)
(0,36) -> (156,119)
(0,37) -> (168,110)
(0,38) -> (191,107)
(0,39) -> (207,110)
(0,40) -> (213,110)
(0,41) -> (206,100)
(0,42) -> (207,98)
(0,43) -> (214,101)
(0,44) -> (209,94)
(0,45) -> (216,98)
(0,46) -> (218,99)
(0,47) -> (217,99)
(0,48) -> (172,84)
(0,49) -> (169,75)
(0,50) -> (165,72)
(0,51) -> (165,72)
(0,52) -> (175,76)
(0,53) -> (176,76)
(0,54) -> (177,77)
(0,55) -> (177,76)
(0,56) -> (178,76)
(0,57) -> (178,76)
(0,58) -> (184,79)
(0,59) -> (184,79)
